Colormap
Value	Red	Green	Blue	Alpha
-----------------------------------------------------
      0	255	0	0	255
   0.09	255	0	0	255
    0.1	255	140	0	255
   0.19	255	140	0	255
    0.2	242	255	0	255
   0.29	242	255	0	255
    0.3	114	255	0	255
   0.39	114	255	0	255
    0.4	0	255	12	255
   0.49	0	255	12	255
    0.5	0	255	140	255
   0.59	0	255	140	255
    0.6	0	242	255	255
   0.69	0	242	255	255
    0.7	0	114	255	255
   0.79	0	114	255	255
    0.8	12	0	255	255
   0.89	12	0	255	255
    0.9	140	0	255	255
      1	140	0	255	255
