Colormap
Value	Red	Green	Blue	Alpha
-----------------------------------------------------
      0	140	0	255	255
   0.09	140	0	255	255
    0.1	12	0	255	255
   0.19	12	0	255	255
    0.2	0	114	255	255
   0.29	0	114	255	255
    0.3	0	242	255	255
   0.39	0	242	255	255
    0.4	0	255	140	255
   0.49	0	255	140	255
    0.5	0	255	12	255
   0.59	0	255	12	255
    0.6	114	255	0	255
   0.69	114	255	0	255
    0.7	242	255	0	255
   0.79	242	255	0	255
    0.8	255	140	0	255
   0.89	255	140	0	255
    0.9	255	0	0	255
      1	255	0	0	255
