20
3
-100 0 25
-50 0 25
-100 -50 25
-50 -50 25
-50 50 25
0 50 25
0 0 25
100 0 25
0 -50 25
100 -50 25
-100 0 -25
-50 0 -25
-100 -50 -25
-50 -50 -25
-50 50 -25
0 50 -25
0 0 -25
100 0 -25
0 -50 -25
100 -50 -25
36
3
7 17 16
7 16 6
6 16 15
6 15 5
5 15 12
5 12 2
2 12 11
2 11 1
1 11 13
1 13 3
3 13 14
3 14 4
4 14 12
4 12 2
2 12 17
2 17 7
7 17 19
7 19 9
9 19 20
9 20 10
10 20 18
10 18 8
8 18 17
8 17 7
3 4 2
3 2 1
2 7 6
2 6 5
9 10 8
9 8 7
20 19 17
20 17 18
17 12 15
17 15 16
14 13 11
14 11 12
x
100 -25 0
z 90