32.071 22.080 63.175
32.171 21.102 62.056
31.367 19.843 62.260
31.676 18.842 61.650
33.640 20.698 61.795
34.589 21.606 60.965
35.877 20.829 60.616
33.903 22.137 59.675
30.358 19.879 63.124
29.497 18.715 63.396
28.036 19.160 63.458
27.574 19.700 64.489
29.869 17.995 64.717
29.125 16.690 65.118
29.725 15.515 64.383
29.208 16.398 66.606
27.359 19.070 62.315
25.958 19.410 62.307
25.308 18.264 63.091
25.706 17.104 62.967
25.333 19.417 60.892
25.797 20.633 60.037
23.797 19.377 61.039
27.227 20.582 59.505
24.383 18.626 63.965
23.652 17.660 64.753
22.302 17.801 64.131
21.912 18.909 63.852
21.608 16.711 63.859
20.296 16.785 63.211
19.196 16.082 64.028
19.377 14.943 64.435
20.384 16.125 61.781
19.063 16.193 61.042
21.506 16.758 60.965
18.095 16.764 64.332
17.008 16.109 65.058
16.063 15.865 63.930
15.621 16.818 63.316
16.369 17.039 66.094
15.828 14.599 63.599
14.958 14.234 62.478
13.933 13.253 62.969
14.152 12.571 63.955
15.781 13.611 61.275
14.977 13.540 60.085
16.316 12.251 61.609
12.795 13.225 62.296
11.694 12.328 62.622
12.095 10.863 62.540
13.045 10.497 61.822
10.518 12.556 61.670
9.668 11.412 61.690
11.368 10.035 63.289
11.592 8.590 63.298
10.671 7.926 62.275
10.979 6.852 61.791
11.288 7.998 64.682
12.343 8.227 65.587
9.605 8.630 61.882
8.575 8.124 60.967
8.867 7.506 59.592
7.921 7.087 58.903
7.454 9.162 60.812
6.262 9.066 61.758
4.998 9.260 60.948
6.234 7.709 62.484
10.129 7.450 59.172
10.493 6.868 57.856
9.663 7.360 56.655
9.355 6.579 55.739
10.493 5.323 57.908
9.287 8.639 56.665
8.533 9.191 55.560
9.601 9.562 54.580
10.731 9.863 54.981
7.757 10.418 55.987
6.745 10.217 57.113
6.370 11.594 57.600
5.527 9.368 56.684
9.243 9.597 53.296
10.216 9.874 52.237
10.867 11.218 52.289
12.086 11.303 52.323
9.616 9.720 50.842
9.103 8.354 50.529
9.303 7.260 51.348
8.355 7.914 49.492
8.698 6.207 50.832
8.117 6.579 49.704
10.061 12.271 52.277
10.600 13.622 52.247
11.742 13.923 53.217
12.849 14.276 52.781
9.469 14.659 52.358
11.524 13.699 54.536
12.544 13.955 55.557
13.864 13.144 55.448
14.905 13.597 55.925
11.787 13.645 56.849
10.338 13.835 56.469
10.313 13.156 55.174
13.821 11.954 54.848
15.005 11.144 54.673
15.832 11.631 53.492
17.061 11.421 53.444
14.605 9.713 54.454
13.850 9.268 55.558
15.154 12.279 52.542
15.771 12.837 51.345
16.476 14.098 51.765
17.543 14.421 51.243
14.696 13.159 50.311
14.894 12.485 48.959
13.673 12.551 48.040
12.970 11.552 47.863
13.462 13.689 47.400
15.854 14.815 52.696
16.420 16.024 53.260
17.648 15.638 54.040
18.660 16.324 53.935
15.471 16.750 54.244
14.183 17.201 53.553
16.135 18.014 54.759
13.235 17.866 54.469
17.574 14.561 54.824
18.723 14.084 55.608
19.883 13.707 54.666
21.042 14.000 54.941
18.332 12.890 56.542
19.536 12.323 57.234
17.351 13.343 57.614
19.561 13.103 53.524
20.573 12.724 52.548
21.238 13.970 51.945
22.440 13.972 51.652
19.958 11.849 51.471
20.457 15.035 51.794
20.937 16.311 51.235
21.786 17.071 52.254
22.801 17.683 51.891
19.767 17.166 50.768
21.352 17.038 53.519
22.083 17.694 54.601
23.421 17.003 54.760
24.415 17.665 54.968
21.347 17.661 55.989
20.327 18.816 56.137
22.378 17.772 57.132
19.216 18.902 55.101
23.448 15.671 54.674
24.695 14.914 54.796
25.568 14.972 53.551
26.769 14.861 53.648
24.431 13.483 55.239
25.545 12.488 54.893
26.865 12.702 55.640
27.699 11.422 55.630
27.836 10.861 54.276
24.978 15.145 52.379
25.796 15.279 51.173
26.625 16.538 51.322
27.822 16.537 51.034
24.938 15.430 49.926
25.701 15.962 48.848
25.956 17.612 51.745
26.589 18.890 51.960
27.564 18.825 53.141
28.426 19.694 53.300
25.548 19.944 52.219
26.029 21.286 51.812
26.155 21.287 50.306
27.492 21.644 49.842
27.987 22.886 49.847
27.262 23.898 50.327
29.223 23.121 49.394
27.401 17.820 54.000
28.305 17.653 55.114
29.577 17.192 54.455
30.617 17.832 54.568
27.819 16.603 56.027
29.471 16.099 53.712
30.617 15.535 52.998
31.348 16.612 52.204
32.539 16.768 52.393
30.186 14.378 52.081
29.986 13.055 52.844
30.049 13.078 54.094
29.781 11.996 52.186
30.619 17.400 51.401
31.194 18.471 50.579
31.893 19.568 51.351
33.023 19.885 51.051
30.150 19.125 49.636
29.866 18.397 48.288
28.773 19.072 47.402
28.591 20.290 47.432
28.075 18.256 46.578
31.265 20.166 52.347
31.937 21.261 53.046
32.924 20.912 54.173
33.326 21.794 54.967
30.907 22.273 53.506
30.992 23.664 52.900
31.348 23.634 51.430
29.649 24.347 53.141
33.319 19.636 54.219
34.266 19.130 55.207
33.711 18.693 56.545
34.397 17.977 57.286
32.447 19.028 56.818
31.802 18.732 58.105
31.240 17.317 58.415
31.190 16.445 57.559
30.771 19.814 58.400
30.863 17.101 59.673
30.320 15.829 60.141
28.839 15.913 60.539
28.342 16.981 60.913
31.157 15.311 61.308
31.770 14.073 60.986
28.141 14.785 60.444
26.714 14.722 60.764
26.373 13.559 61.672
26.761 12.394 61.420
25.830 14.627 59.479
24.348 14.486 59.823
26.043 15.874 58.629
25.659 13.913 62.742
25.177 12.980 63.759
23.652 13.243 63.838
23.205 14.397 63.898
25.918 13.192 65.134
25.564 14.530 65.753
25.632 12.056 66.099
22.881 12.164 63.694
21.414 12.178 63.698
20.861 11.596 65.007
21.431 10.667 65.572
20.841 11.313 62.459
19.302 11.364 62.362
21.450 11.776 61.135
19.763 12.170 65.486
19.071 11.716 66.683
17.606 11.817 66.217
17.166 12.880 65.749
19.372 12.623 67.882
18.983 12.020 69.099
16.905 10.677 66.229
15.506 10.566 65.772
14.403 10.891 66.796
14.344 10.315 67.885
